1.0,2.0;5.0,6.0
0.0,0.0;10.0,10.0
-1.5,-2.5;3.5,0.5
10,20;15,25
0.1,0.2;0.6,0.7
 2.0 , 8.0 ; 8.0 , 2.0
-5,-5;-1,-1
100.0, 100.0; 100.1, 100.1
7.0, 1.0; 10.0, 5.0
1.0,2.0:5.0,6.0
1.0,2.0;5.0.6.0
1.0,2.0
1.0,2.0;
;5.0,6.0
1.0,2.0;5.0,6.0;7.0,8.0
1,2,3;4,5
1,2;4,5,6
1;2;3;4
a,2.0;5.0,6.0
1.0,b;5.0,6.0
1.0,2.0;5..0,6.0
1.0, 2.0 ; 5.0
,1.0;2.0,3.0
1.0,;2.0,3.0
3.0,4.0;3.0,4.0
1.0,5.0;10.0,5.0
2.0,1.0;2.0,10.0
1.0,1.0;11.0,3.0
20.0,30.0;20.0,40.0
-10.0,-10.0;10.0,10.0
10.0;10.0;30.0;20.0
5.0;5.0;15.0;15.0
0.0;0.0;10.0;10.0
1.0;2.0;3.0;4.0;5.0
50.0;50.0;50.0;60.0
70;80;90
100.0;100.0;120.0;105.0
NaN;1.0;2.0;3.0
1.0;1.0;1.0;1.0
200.0;200.0;210.0;230.0